0 변신 노말 0 100 10 0 49 100
1 몸통박치기 노말 45 100 30 0 0 0
2 전광석화 노말 40 100 25 1 0 0
3 베어가르기 노말 70 100 15 0 9 100
4 박치기 노말 80 100 15 0 8 30
5 이판사판태클 노말 120 100 10 0 42 100
6 기가임팩트 노말 150 90 5 0 41 100
7 대폭발 노말 250 100 5 0 0 0
8 니트로차지 불꽃 45 95 20 0 29 100
9 화염자동차 불꽃 65 100 20 0 3 10
10 불꽃펀치 불꽃 75 95 15 0 3 10
11 블레이즈킥 불꽃 90 95 15 0 3 10
12 플레어드라이브 불꽃 120 100 10 0 42 100
13 아쿠아제트 물 40 100 25 1 0 0
14 셸블레이드 물 70 95 20 0 0 0
15 아쿠아브레이크 물 85 100 15 0 0 0
16 웨이브태클 물 120 100 10 0 42 100
17 스파크 전기 45 100 20 0 4 30
18 번개펀치 전기 75 95 15 0 4 10
19 와일드볼트 전기 95 100 15 0 42 100
20 볼트태클 전기 120 100 10 0 42 100
21 덩굴채찍 풀 45 100 30 0 0 0
22 잎날가르기 풀 65 100 20 0 9 100
23 씨폭탄 풀 85 100 15 0 0 0
24 리프블레이드 풀 100 95 10 0 9 100
25 얼음뭉치 얼음 40 100 25 1 0 0
26 냉동펀치 얼음 75 95 15 0 6 10
27 고드름떨구기 얼음 90 95 15 0 8 10
28 마하펀치 격투 40 100 25 1 0 0
29 깨트리다 격투 75 95 15 0 45 100
30 암해머 격투 100 90 10 0 46 100
31 인파이트 격투 120 100 5 0 47 100
32 독침 독 40 100 30 0 1 30
33 맹독엄니 독 55 95 15 0 2 50
34 독찌르기 독 80 100 15 0 1 30
35 더스트슈트 독 120 80 10 0 1 30
36 땅고르기 땅 60 100 20 0 19 100
37 구멍파기 땅 85 100 15 0 43 100
38 지진 땅 100 100 10 0 0 0
39 쪼기 비행 45 100 30 0 0 0
40 날개치기 비행 65 100 20 0 0 0
41 공중날기 비행 85 100 15 0 43 100
42 브레이브버드 비행 120 100 10 0 42 100
43 사이코커터 에스퍼 70 100 20 0 9 100
44 사념의박치기 에스퍼 85 95 15 0 8 20
45 벌레먹기 벌레 50 100 20 0 0 0
46 시저크로스 벌레 70 100 15 0 9 100
47 흡혈 벌레 75 100 10 0 31 100
48 메가혼 벌레 120 80 10 0 0 0
49 돌떨구기 바위 50 90 20 0 0 0
50 암석봉인 바위 60 95 20 0 19 100
51 스톤샤워 바위 85 90 15 0 8 30
52 스톤에지 바위 110 85 10 0 9 100
53 핥기 고스트 40 100 30 0 4 30
54 섀도클로 고스트 70 100 15 0 9 100
55 드래곤테일 드래곤 65 90 25 0 0 0
56 드래곤클로 드래곤 80 100 15 0 0 0
57 드래곤다이브 드래곤 115 80 10 0 8 20
58 물기 악 45 95 30 0 8 30
59 깜짝베기 악 70 100 15 0 9 100
60 깨물어부수기 악 85 95 15 0 13 20
61 메탈클로 강철 50 90 30 0 21 30
62 강철날개 강철 70 90 25 0 23 30
63 아이언테일 강철 120 80 10 0 13 30
64 치근거리기 페어리 90 95 15 0 11 10
65 에코보이스 노말 45 100 30 0 0 0
66 스피드스타 노말 60 100 20 0 0 0
67 하이퍼보이스 노말 85 100 15 0 0 0
68 파괴광선 노말 150 90 5 0 41 100
69 불꽃세례 불꽃 45 100 30 0 3 10
70 매지컬플레임 불꽃 70 95 15 0 15 100
71 화염방사 불꽃 85 100 15 0 3 10
72 불대문자 불꽃 120 80 10 0 3 30
73 블라스트번 불꽃 150 90 5 0 41 100
74 물대포 물 45 100 30 0 0 0
75 물의파동 물 65 100 20 0 7 10
76 파도타기 물 85 100 15 0 0 0
77 하이드로펌프 물 120 80 10 0 0 0
78 하이드로캐논 물 150 90 5 0 41 100
79 전기쇼크 전기 45 100 30 0 4 10
80 방전 전기 65 100 20 0 4 30
81 10만볼트 전기 85 100 15 0 4 10
82 번개 전기 120 80 10 0 4 30
83 메가드레인 풀 40 100 20 0 31 100
84 기가드레인 풀 70 95 10 0 31 100
85 에너지볼 풀 85 100 15 0 17 10
86 리프스톰 풀 130 90 10 0 48 100
87 얼어붙은바람 얼음 40 95 25 0 19 100
88 얼음숨결 얼음 65 95 20 0 9 100
89 냉동빔 얼음 85 100 15 0 6 10
90 눈보라 얼음 120 80 10 0 6 10
91 기합구슬 격투 120 80 10 0 17 10
92 스모그 독 40 95 20 0 1 40
93 오물공격 독 65 100 20 0 1 30
94 오물폭탄 독 85 95 15 0 1 30
95 머드샷 땅 40 95 25 0 19 100
96 진흙폭탄 땅 70 95 15 0 0 0
97 대지의힘 땅 85 100 15 0 17 10
98 바람일으키기 비행 45 100 30 0 0 0
99 에어슬레시 비행 80 95 15 0 8 30
100 폭풍 비행 120 80 10 0 7 30
101 염동력 에스퍼 45 100 25 0 7 10
102 환상빔 에스퍼 65 100 20 0 7 10
103 사이코키네시스 에스퍼 85 100 15 0 17 10
104 사이코브레이크 에스퍼 100 100 10 0 44 100
105 벌레의저항 벌레 40 100 30 0 15 100
106 시그널빔 벌레 75 100 15 0 7 10
107 벌레의야단법석 벌레 90 100 10 0 17 10
108 원시의힘 바위 65 95 10 0 0 0
109 파워젬 바위 85 100 20 0 0 0
110 병상첨병 고스트 65 100 20 0 0 0
111 섀도볼 고스트 85 100 15 0 17 20
112 회오리 드래곤 40 100 30 0 8 20
113 용의숨결 드래곤 60 100 20 0 4 30
114 용의파동 드래곤 85 100 15 0 0 0
115 용성군 드래곤 130 90 5 0 48 100
116 악의파동 악 80 100 15 0 8 20
117 미러샷 강철 65 95 15 0 0 0
118 러스터캐논 강철 85 100 15 0 17 10
119 드레인키스 페어리 40 100 20 0 31 100
120 매지컬샤인 페어리 65 100 15 0 0 0
121 문포스 페어리 85 100 15 0 15 30
122 HP회복 노말 0 100 10 0 32 100
123 껍질깨기 노말 0 100 15 0 40 100
124 노래하기 노말 0 55 15 0 5 100
125 울음소리 노말 0 100 30 0 11 100
126 꼬리흔들기 노말 0 100 30 0 13 100
127 성장 노말 0 100 20 0 36 100
128 싫은소리 노말 0 85 40 0 14 100
129 칼춤 노말 0 100 20 0 22 100
130 도깨비불 불꽃 0 85 15 0 3 100
131 아쿠아링 물 0 100 20 0 33 100
132 전기자석파 전기 0 90 20 0 4 100
133 광합성 풀 0 100 5 0 32 100
134 저리가루 풀 0 75 30 0 4 100
135 벌크업 격투 0 100 20 0 37 100
136 독가스 독 0 90 40 0 1 100
137 맹독 독 0 90 10 0 2 100
138 날개쉬기 비행 0 100 10 0 32 100
139 고속이동 에스퍼 0 100 30 0 30 100
140 리플렉터 에스퍼 0 100 20 0 34 100
141 빛의장막 에스퍼 0 100 20 0 35 100
142 최면술 에스퍼 0 60 20 0 5 100
143 명상 에스퍼 0 100 20 0 38 100
144 망각술 에스퍼 0 100 20 0 28 100
145 실뿜기 벌레 0 95 40 0 19 100
146 이상한빛 고스트 0 100 10 0 7 100
147 용의춤 드래곤 0 100 20 0 39 100
148 나쁜음모 악 0 100 20 0 26 100
149 거짓울음 악 0 100 20 0 18 100
150 철벽 강철 0 100 15 0 24 100
151 금속음 강철 0 85 40 0 18 100
152 애교부리기 0 100 20 0 12 100
153 하드플랜트 150 90 5 0 41 100